    A   R   N   D   C   Q   E   G   H   I   L   K   M   F   P   S   T   W   Y   V   B   Z   X
A  15  19  17  17  19  17  17  16  18  18  19  18  18  20  16  16  16  23  20  17  17  17  17
R  19  11  17  18  21  16  18  20  15  19  20  14  17  21  17  17  18  15  21  19  18  17  18
N  17  17  15  15  21  16  16  17  15  19  20  16  19  20  17  16  17  21  19  19  15  16  17
D  17  18  15  13  22  15  14  16  16  19  21  17  20  23  18  17  17  24  21  19  14  14  18
C  19  21  21  22   5  22  22  20  20  19  23  22  22  21  20  17  19  25  17  19  21  22  20
Q  17  16  16  15  22  13  15  18  14  19  19  16  18  22  17  18  18  22  21  19  16  14  18
E  17  18  16  14  22  15  13  17  16  19  20  17  19  22  18  17  17  24  21  19  14  14  18
G  16  20  17  16  20  18  17  12  19  20  21  19  20  22  17  16  17  24  22  18  17  17  18
H  18  15  15  16  20  14  16  19  11  19  19  17  19  19  17  18  18  20  17  19  16  15  18
I  18  19  19  19  19  19  19  20  19  12  15  19  15  16  19  18  17  22  18  13  19  19  18
L  19  20  20  21  23  19  20  21  19  15  11  20  13  15  20  20  19  19  18  15  20  20  18
K  18  14  16  17  22  16  17  19  17  19  20  12  17  22  18  17  17  20  21  19  16  17  18
M  18  17  19  20  22  18  19  20  19  15  13  17  11  17  19  19  18  21  19  15  19  19  18
F  20  21  20  23  21  22  22  22  19  16  15  22  17   8  22  20  20  17  10  18  21  22  19
P  16  17  17  18  20  17  18  17  17  19  20  18  19  22  11  16  17  23  22  18  18  17  18
S  16  17  16  17  17  18  17  16  18  18  20  17  19  20  16  15  16  19  20  18  17  17  17
T  16  18  17  17  19  18  17  17  18  17  19  17  18  20  17  16  14  22  20  17  17  18  17
W  23  15  21  24  25  22  24  24  20  22  19  20  21  17  23  19  22   0  17  23  22  23  21
Y  20  21  19  21  17  21  21  22  17  18  18  21  19  10  22  20  20  17   7  19  20  21  19
V  17  19  19  19  19  19  19  18  19  13  15  19  15  18  18  18  17  23  19  13  19  19  18
B  17  18  15  14  21  16  14  17  16  19  20  16  19  21  18  17  17  22  20  19  14  15  18
Z  17  17  16  14  22  14  14  17  15  19  20  17  19  22  17  17  18  23  21  19  15  14  18
X  17  18  17  18  20  18  18  18  18  18  18  18  18  19  18  17  17  21  19  18  18  18  18